date avg_duration sum_date trip_duration maximum_temperature minimum_temperature average_temperature precipiation snow_fall snow_depth
2016-01-01 878.6528925619834 242 212634 42 34 38.0 0.0 0.0 0.0
2016-01-02 748.5166666666667 240 179644 40 32 36.0 0.0 0.0 0.0
2016-01-03 708.8174603174604 252 178622 45 35 40.0 0.0 0.0 0.0
2016-01-04 641.6386861313869 274 175809 36 14 25.0 0.0 0.0 0.0
2016-01-05 945.8271186440678 295 279019 29 11 20.0 0.0 0.0 0.0
2016-01-06 730.513986013986 286 208927 41 25 33.0 0.0 0.0 0.0
2016-01-07 991.0769230769231 221 219028 46 31 38.5 0.0 0.0 0.0
2016-01-08 1448.1358024691358 243 351897 46 31 38.5 0.0 0.0 0.0
2016-01-09 903.7835820895523 268 242214 47 40 43.5  0.0 0.0
2016-01-10 1026.654485049834 301 309023 59 40 49.5 1.8 0.0 0.0
2016-01-11 775.2857142857143 266 206226 40 26 33.0 0.0 0.0 0.0
2016-01-12 822.2637795275591 254 208855 44 25 34.5 0.0  0.0
2016-01-13 1471.2857142857142 217 319269 30 22 26.0 0.0 0.0 0.0
2016-01-14 1172.0962962962963 270 316466 38 22 30.0 0.0  0.0
2016-01-15 813.5131578947369 304 247308 51 34 42.5  0.0 0.0
2016-01-16 1317.9132075471698 265 349247 52 42 47.0 0.24 0.0 0.0
2016-01-17 733.5342465753424 292 214192 42 30 36.0 0.05 0.4 0.0
2016-01-18 802.0966666666667 300 240629 31 18 24.5   
2016-01-19 1059.5973451327434 226 239469 28 16 22.0 0.0 0.0 
2016-01-20 681.6996587030717 293 199738 37 27 32.0 0.0 0.0 
2016-01-21 1091.3533333333332 300 327406 36 26 31.0 0.0 0.0 0.0
2016-01-22 1219.7163120567375 282 343960 30 21 25.5 0.01 0.2 0.0
2016-01-23 182.2734082397004 267 48667 27 24 25.5 2.31 27.3 6.0
2016-01-24 341.51973684210526 304 103822 35 20 27.5   22.0
2016-01-25 1114.021645021645 231 257339 39 28 33.5 0.0 0.0 19.0
2016-01-26 1385.284697508897 281 389265 48 38 43.0 0.0 0.0 17.0
2016-01-27 991.0183486238532 327 324063 47 34 40.5  0.0 9.0
2016-01-28 994.4806451612903 310 308289 42 32 37.0 0.0 0.0 6.0
2016-01-29 1225.890365448505 301 368993 41 30 35.5 0.0 0.0 6.0
2016-01-30 977.3024193548387 248 242371 39 28 33.5 0.0 0.0 6.0
2016-01-31 1037.857142857143 259 268805 56 36 46.0 0.0 0.0 4.0
2016-02-01 675.9771241830065 306 206849 59 44 51.5 0.01 0.0 2.0
2016-02-02 1064.9537366548043 281 299252 50 38 44.0 0.0 0.0 
2016-02-03 1096.94776119403 268 293982 59 42 50.5 0.73 0.0 0.0
2016-02-04 1134.608843537415 294 333575 59 44 51.5  0.0 0.0
2016-02-05 951.84765625 256 243673 44 31 37.5 0.53 2.5 1.0
2016-02-06 1332.5283018867924 265 353120 40 30 35.0 0.0 0.0 0.0
2016-02-07 1475.6704119850187 267 394004 47 33 40.0 0.0 0.0 0.0
2016-02-08 876.6679841897234 253 221797 39 28 33.5 0.05 0.1 0.0
2016-02-09 717.1335227272727 352 252431 36 27 31.5 0.0  
2016-02-10 749.0208955223881 335 250922 39 31 35.0 0.01  0.0
2016-02-11 890.3139534883721 258 229701 31 18 24.5   0.0
2016-02-12 795.217665615142 317 252084 27 15 21.0 0.0 0.0 0.0
2016-02-13 861.9205776173285 277 238752 22 6 14.0 0.0 0.0 0.0
2016-02-14 911.8387096774194 279 254403 15 -1 7.0 0.0 0.0 0.0
2016-02-15 754.4776119402985 335 252750 35 13 24.0 0.44 1.4 0.0
2016-02-16 943.7072243346007 263 248195 54 35 44.5 1.01 0.0 0.0
2016-02-17 830.6472727272727 275 228428 39 35 37.0 0.0 0.0 0.0
2016-02-18 813.8229508196721 305 248216 36 27 31.5 0.0 0.0 0.0
2016-02-19 860.1254355400697 287 246856 39 24 31.5 0.0 0.0 0.0
2016-02-20 1094.561475409836 244 267073 61 39 50.0 0.0 0.0 0.0
2016-02-21 729.2324159021407 327 238459 55 44 49.5 0.03 0.0 0.0
2016-02-22 724.109649122807 228 165097 52 38 45.0 0.0 0.0 0.0
2016-02-23 995.2622950819672 305 303555 40 35 37.5 0.3  0.0
2016-02-24 1238.6875 272 336923 60 36 48.0 1.22 0.0 0.0
2016-02-25 860.1812080536913 298 256334 61 37 49.0 0.02 0.0 0.0
2016-02-26 1410.4426751592357 314 442879 39 27 33.0 0.0 0.0 0.0
2016-02-27 1178.6654676258993 278 327669 41 26 33.5 0.0 0.0 0.0
2016-02-28 1096.1818181818182 264 289392 60 38 49.0 0.0 0.0 0.0
2016-02-29 1020.8404255319149 282 287877 61 47 54.0 0.05 0.0 0.0
2016-03-01 1166.4096385542168 249 290436 52 39 45.5 0.0 0.0 0.0
2016-03-02 684.0104895104895 286 195627 55 29 42.0 0.14 0.0 0.0
2016-03-03 797.9832775919732 299 238597 36 26 31.0 0.0 0.0 0.0
2016-03-04 943.6038461538461 260 245337 39 30 34.5 0.11 0.4 
2016-03-05 896.9457627118644 295 264599 41 28 34.5 0.0 0.0 0.0
2016-03-06 771.1206896551724 290 223625 44 32 38.0 0.0 0.0 0.0
2016-03-07 1054.9375 272 286943 60 36 48.0 0.0 0.0 0.0
2016-03-08 763.5151515151515 297 226764 67 47 57.0 0.0 0.0 0.0
2016-03-09 607.7366771159875 319 193868 77 44 60.5 0.0 0.0 0.0
2016-03-10 965.8086642599278 277 267529 79 63 71.0 0.0 0.0 0.0
2016-03-11 794.4006734006734 297 235937 68 48 58.0 0.06 0.0 0.0
2016-03-12 1183.351851851852 216 255604 59 40 49.5 0.0 0.0 0.0
2016-03-13 792.0964285714285 280 221787 62 50 56.0  0.0 0.0
2016-03-14 804.4641638225256 293 235708 51 40 45.5 0.29 0.0 0.0
2016-03-15 893.3088803088804 259 231367 57 44 50.5 0.0 0.0 0.0
2016-03-16 794.4668874172186 302 239929 65 48 56.5 0.02 0.0 0.0
2016-03-17 708.3514376996806 313 221714 63 45 54.0  0.0 0.0
2016-03-18 946.003717472119 269 254475 57 42 49.5 0.0 0.0 0.0
2016-03-19 1242.8978873239437 284 352983 46 36 41.0 0.0 0.0 0.0
2016-03-20 715.6740506329114 316 226153 43 32 37.5 0.07  0.0
2016-03-21 1097.2730627306273 271 297361 50 32 41.0 0.06 0.5 
2016-03-22 972.5432098765432 324 315104 56 35 45.5 0.0 0.0 0.0
2016-03-23 840.4119496855346 318 267251 71 48 59.5 0.0 0.0 0.0
2016-03-24 1352.5330578512396 242 327313 55 44 49.5 0.0 0.0 0.0
2016-03-25 681.5745454545455 275 187433 72 44 58.0 0.04 0.0 0.0
2016-03-26 852.9931271477664 291 248221 55 38 46.5 0.0 0.0 0.0
2016-03-27 718.7721088435375 294 211319 55 43 49.0 0.0 0.0 0.0
2016-03-28 845.7470588235294 340 287554 62 42 52.0 0.38 0.0 0.0
2016-03-29 748.3096085409253 281 210275 53 40 46.5 0.0 0.0 0.0
2016-03-30 975.564393939394 264 257549 56 37 46.5 0.0 0.0 0.0
2016-03-31 714.2484472049689 322 229988 73 49 61.0 0.0 0.0 0.0
2016-04-01 778.7526501766785 283 220387 79 61 70.0 0.02 0.0 0.0
2016-04-02 887.0182481751825 274 243043 61 49 55.0 0.16 0.0 0.0
2016-04-03 943.7295597484276 318 300106 50 34 42.0 0.09  0.0
2016-04-04 1081.496551724138 290 313634 45 29 37.0 0.47  0.0
2016-04-05 902.375415282392 301 271615 43 26 34.5 0.0 0.0 0.0
2016-04-06 826.4701492537314 268 221494 48 30 39.0 0.0 0.0 0.0
2016-04-07 1113.1607142857142 280 311685 58 48 53.0 0.09 0.0 0.0
2016-04-08 1338.3382352941176 272 364028 50 40 45.0 0.01 0.0 0.0
2016-04-09 846.9413680781759 307 260011 43 36 39.5 0.11  0.0
2016-04-10 846.4252873563219 261 220917 50 31 40.5 0.0 0.0 0.0
2016-04-11 762.1612903225806 279 212643 65 43 54.0 0.01 0.0 0.0
2016-04-12 813.5642857142857 280 227798 59 45 52.0 0.2 0.0 0.0
2016-04-13 1402.063025210084 238 333691 58 40 49.0 0.0 0.0 0.0
2016-04-14 892.22 300 267666 62 43 52.5 0.0 0.0 0.0
2016-04-15 1703.8210116731518 257 437882 65 42 53.5 0.0 0.0 0.0
2016-04-16 1026.9153846153847 260 266998 68 43 55.5 0.0 0.0 0.0
2016-04-17 1001.8675213675214 234 234437 75 44 59.5 0.0 0.0 0.0
2016-04-18 1077.4065934065934 273 294132 82 51 66.5 0.0 0.0 0.0
2016-04-19 952.1651090342679 321 305645 73 55 64.0 0.0 0.0 0.0
2016-04-20 641.5446153846154 325 208502 69 49 59.0 0.0 0.0 0.0
2016-04-21 1018.9537037037037 324 330141 73 49 61.0 0.0 0.0 0.0
2016-04-22 857.5100401606426 249 213520 79 62 70.5  0.0 0.0
2016-04-23 1351.5809128630706 241 325731 71 54 62.5 0.16 0.0 0.0
2016-04-24 856.3717948717949 234 200391 68 47 57.5 0.0 0.0 0.0
2016-04-25 678.8618421052631 304 206374 69 50 59.5 0.0 0.0 0.0
2016-04-26 752.1056338028169 284 213598 60 47 53.5 0.24 0.0 0.0
2016-04-27 784.9889298892989 271 212732 62 46 54.0 0.0 0.0 0.0
2016-04-28 1027.2126245847176 301 309191 59 48 53.5 0.0 0.0 0.0
2016-04-29 1086.1850220264316 227 246564 58 45 51.5 0.05 0.0 0.0
2016-04-30 1125.0237288135593 295 331882 65 46 55.5 0.0 0.0 0.0
2016-05-01 1291.3592592592593 270 348667 51 45 48.0 0.16 0.0 0.0
2016-05-02 860.8853754940711 253 217804 60 45 52.5 0.04 0.0 0.0
2016-05-03 1128.2517482517483 286 322680 56 51 53.5 0.61 0.0 0.0
2016-05-04 1016.8434504792332 313 318272 52 48 50.0 0.01 0.0 0.0
2016-05-05 847.2814814814815 270 228766 57 46 51.5 0.0 0.0 0.0
2016-05-06 758.4905660377359 318 241200 54 48 51.0 0.54 0.0 0.0
2016-05-07 1278.445945945946 222 283815 60 48 54.0 0.0 0.0 0.0
2016-05-08 848.9463601532567 261 221575 66 49 57.5 0.16 0.0 0.0
2016-05-09 733.8905660377359 265 194481 72 52 62.0 0.0 0.0 0.0
2016-05-10 1145.3486590038315 261 298936 63 50 56.5 0.0 0.0 0.0
2016-05-11 1603.090322580645 310 496958 76 50 63.0 0.0 0.0 0.0
2016-05-12 5093.884615384615 52 264882 80 56 68.0 0.0 0.0 0.0
2016-05-13 1310.1881918819188 271 355061 65 57 61.0 0.25 0.0 0.0
2016-05-14 1102.8376623376623 308 339674 73 56 64.5 0.0 0.0 0.0
2016-05-15 890.0068259385665 293 260772 59 46 52.5 0.0 0.0 0.0
2016-05-16 1966.515503875969 258 507361 66 43 54.5 0.0 0.0 0.0
2016-05-17 759.7457627118644 295 224125 64 52 58.0 0.0 0.0 0.0
2016-05-18 1625.8222222222223 135 219486 68 52 60.0  0.0 0.0
2016-05-19 757.405750798722 313 237068 73 54 63.5 0.0 0.0 0.0
2016-05-20 891.2960288808664 277 246889 76 53 64.5 0.0 0.0 0.0
2016-05-21 1079.2208835341366 249 268726 66 54 60.0 0.04 0.0 0.0
2016-05-22 860.8525179856115 278 239317 70 52 61.0 0.09 0.0 0.0
2016-05-23 760.7116788321168 274 208435 78 56 67.0 0.02 0.0 0.0
2016-05-24 1046.3175355450237 211 220773 73 58 65.5 0.18 0.0 0.0
2016-05-25 662.9482200647249 309 204851 88 61 74.5 0.0 0.0 0.0
2016-05-26 1083.361344537815 238 257840 90 69 79.5 0.0 0.0 0.0
2016-05-27 877.3076923076923 247 216695 87 73 80.0 0.0 0.0 0.0
2016-05-28 808.8496240601504 266 215154 92 71 81.5 0.0 0.0 0.0
2016-05-29 1000.3620071684588 279 279101 87 70 78.5  0.0 0.0
2016-05-30 656.7142857142857 252 165492 82 68 75.0 1.65 0.0 0.0
2016-05-31 630.0578778135048 311 195948 85 71 78.0 0.0 0.0 0.0
2016-06-01 835.2083333333334 288 240540 83 66 74.5 0.0 0.0 0.0
2016-06-02 740.5 284 210302 78 62 70.0 0.0 0.0 0.0
2016-06-03 853.277027027027 296 252570 70 63 66.5 0.04 0.0 0.0
2016-06-04 1012.8140495867768 242 245101 83 66 74.5 0.4 0.0 0.0
2016-06-05 773.6788321167883 274 211988 71 65 68.0 0.91 0.0 0.0
2016-06-06 736.2631578947369 304 223824 83 65 74.0 0.0 0.0 0.0
2016-06-07 898.5450819672132 244 219245 85 64 74.5  0.0 0.0
2016-06-08 916.4671814671815 259 237365 67 52 59.5 0.45 0.0 0.0
2016-06-09 941.9333333333333 255 240193 71 54 62.5 0.0 0.0 0.0
2016-06-10 922.3253012048193 249 229659 77 57 67.0 0.0 0.0 0.0
2016-06-11 953.4154411764706 272 259329 88 59 73.5 0.0 0.0 0.0
2016-06-12 714.7421875 256 182974 83 62 72.5 0.0 0.0 0.0
2016-06-13 846.491935483871 248 209930 74 57 65.5 0.0 0.0 0.0
2016-06-14 793.5321428571428 280 222189 79 58 68.5 0.0 0.0 0.0
2016-06-15 918.9504132231405 242 222386 85 62 73.5 0.0 0.0 0.0
2016-06-16 1773.1967213114754 244 432660 74 65 69.5 0.22 0.0 0.0
2016-06-17 720.8190476190476 315 227058 78 63 70.5 0.0 0.0 0.0
2016-06-18 1213.342741935484 248 300909 87 61 74.0 0.0 0.0 0.0
2016-06-19 761.4347826086956 253 192643 88 66 77.0 0.0 0.0 0.0
2016-06-20 967.8771929824561 285 275845 84 64 74.0 0.0 0.0 0.0
2016-06-21 983.5535714285714 224 220316 87 72 79.5  0.0 0.0
2016-06-22 1304.3542435424354 271 353480 86 68 77.0 0.0 0.0 0.0
2016-06-23 1154.6132404181185 287 331374 83 69 76.0 0.0 0.0 0.0
2016-06-24 823.55 280 230594 84 67 75.5 0.0 0.0 0.0
2016-06-25 1619.4092409240925 303 490681 86 64 75.0 0.0 0.0 0.0
2016-06-26 995.2142857142857 196 195062 87 67 77.0 0.0 0.0 0.0
2016-06-27 769.6108949416342 257 197790 83 67 75.0 0.45 0.0 0.0
2016-06-28 759.7310606060606 264 200569 76 68 72.0 0.12 0.0 0.0
2016-06-29 907.29296875 256 232267 83 67 75.0 0.01 0.0 0.0
2016-06-30 853.8646288209607 229 195535 85 67 76.0 0.0 0.0 0.0
